update,mean_coopval,count,Hist_0.0,Hist_0.1,Hist_0.2,Hist_0.3,Hist_0.4,Hist_0.5,Hist_0.6,Hist_0.7,Hist_0.8,Hist_0.9
0,0.5,1,0,0,0,0,1,0,0,0,0,0
1,0.5,1,0,0,0,0,1,0,0,0,0,0
2,0.5,1,0,0,0,0,1,0,0,0,0,0
3,0.5,1,0,0,0,0,1,0,0,0,0,0
4,0.5,1,0,0,0,0,1,0,0,0,0,0
5,0.5,1,0,0,0,0,1,0,0,0,0,0
6,0.5,1,0,0,0,0,1,0,0,0,0,0
7,0.5,1,0,0,0,0,1,0,0,0,0,0
8,0.5,1,0,0,0,0,1,0,0,0,0,0
9,0.5,1,0,0,0,0,1,0,0,0,0,0
10,0.500393,2,0,0,0,0,2,0,0,0,0,0
11,0.500393,2,0,0,0,0,2,0,0,0,0,0
12,0.500393,2,0,0,0,0,2,0,0,0,0,0
13,0.500393,2,0,0,0,0,2,0,0,0,0,0
14,0.500393,2,0,0,0,0,2,0,0,0,0,0
15,0.500393,2,0,0,0,0,2,0,0,0,0,0
16,0.500393,2,0,0,0,0,2,0,0,0,0,0
17,0.500393,2,0,0,0,0,2,0,0,0,0,0
18,0.500393,2,0,0,0,0,2,0,0,0,0,0
19,0.50106,3,0,0,0,0,3,0,0,0,0,0
20,0.501402,4,0,0,0,0,4,0,0,0,0,0
21,0.501402,4,0,0,0,0,4,0,0,0,0,0
22,0.501402,4,0,0,0,0,4,0,0,0,0,0
23,0.501402,4,0,0,0,0,4,0,0,0,0,0
24,0.501402,4,0,0,0,0,4,0,0,0,0,0
25,0.501402,4,0,0,0,0,4,0,0,0,0,0
26,0.501402,4,0,0,0,0,4,0,0,0,0,0
27,0.501402,4,0,0,0,0,4,0,0,0,0,0
28,0.501262,5,0,0,0,0,5,0,0,0,0,0
29,0.501411,6,0,0,0,0,6,0,0,0,0,0
30,0.501503,8,0,0,0,0,8,0,0,0,0,0
31,0.501503,8,0,0,0,0,8,0,0,0,0,0
32,0.501503,8,0,0,0,0,8,0,0,0,0,0
33,0.501503,8,0,0,0,0,8,0,0,0,0,0
34,0.501503,8,0,0,0,0,8,0,0,0,0,0
35,0.501503,8,0,0,0,0,8,0,0,0,0,0
36,0.501503,8,0,0,0,0,8,0,0,0,0,0
37,0.501503,8,0,0,0,0,8,0,0,0,0,0
38,0.501109,10,0,0,0,0,10,0,0,0,0,0
39,0.501416,13,0,0,0,0,13,0,0,0,0,0
40,0.50155,16,0,0,0,0,16,0,0,0,0,0
41,0.50155,16,0,0,0,0,16,0,0,0,0,0
42,0.50155,16,0,0,0,0,16,0,0,0,0,0
43,0.50155,16,0,0,0,0,16,0,0,0,0,0
44,0.50155,16,0,0,0,0,16,0,0,0,0,0
45,0.50155,16,0,0,0,0,16,0,0,0,0,0
46,0.50155,16,0,0,0,0,16,0,0,0,0,0
47,0.501638,17,0,0,0,0,17,0,0,0,0,0
48,0.500871,22,0,0,0,0,22,0,0,0,0,0
49,0.501027,26,0,0,0,0,26,0,0,0,0,0
50,0.50123,32,0,0,0,0,32,0,0,0,0,0
51,0.50123,32,0,0,0,0,32,0,0,0,0,0
52,0.50123,32,0,0,0,0,32,0,0,0,0,0
53,0.50123,32,0,0,0,0,32,0,0,0,0,0
54,0.50123,32,0,0,0,0,32,0,0,0,0,0
55,0.50123,32,0,0,0,0,32,0,0,0,0,0
56,0.501337,33,0,0,0,0,33,0,0,0,0,0
57,0.500869,37,0,0,0,0,37,0,0,0,0,0
58,0.501109,45,0,0,0,0,45,0,0,0,0,0
59,0.50115,52,0,0,0,0,52,0,0,0,0,0
60,0.501195,64,0,0,0,0,64,0,0,0,0,0
61,0.501195,64,0,0,0,0,64,0,0,0,0,0
62,0.501195,64,0,0,0,0,64,0,0,0,0,0
63,0.501195,64,0,0,0,0,64,0,0,0,0,0
64,0.501195,64,0,0,0,0,64,0,0,0,0,0
65,0.501213,65,0,0,0,0,65,0,0,0,0,0
66,0.500985,69,0,0,0,0,69,0,0,0,0,0
67,0.500756,77,0,0,0,0,77,0,0,0,0,0
68,0.500719,94,0,0,0,0,94,0,0,0,0,0
69,0.500843,111,0,0,0,0,111,0,0,0,0,0
70,0.500978,126,0,0,0,0,126,0,0,0,0,0
71,0.500978,126,0,0,0,0,126,0,0,0,0,0
72,0.500978,126,0,0,0,0,126,0,0,0,0,0
73,0.500978,126,0,0,0,0,126,0,0,0,0,0
74,0.500978,126,0,0,0,0,126,0,0,0,0,0
75,0.500954,129,0,0,0,0,129,0,0,0,0,0
76,0.500786,140,0,0,0,0,140,0,0,0,0,0
77,0.500789,161,0,0,0,0,161,0,0,0,0,0
78,0.500853,194,0,0,0,0,194,0,0,0,0,0
79,0.501008,230,0,0,0,0,230,0,0,0,0,0
80,0.501072,250,0,0,0,0,250,0,0,0,0,0
81,0.501072,250,0,0,0,0,250,0,0,0,0,0
82,0.501072,250,0,0,0,0,250,0,0,0,0,0
83,0.501072,250,0,0,0,0,250,0,0,0,0,0
84,0.501056,253,0,0,0,0,253,0,0,0,0,0
85,0.500951,261,0,0,0,0,261,0,0,0,0,0
86,0.500978,290,0,0,0,0,290,0,0,0,0,0
87,0.500858,336,0,0,0,0,336,0,0,0,0,0
88,0.500885,396,0,0,0,0,396,0,0,0,0,0
89,0.500968,455,0,0,0,0,455,0,0,0,0,0
90,0.50106,486,0,0,0,0,486,0,0,0,0,0
91,0.50106,486,0,0,0,0,486,0,0,0,0,0
92,0.50106,486,0,0,0,0,486,0,0,0,0,0
93,0.501054,487,0,0,0,0,487,0,0,0,0,0
94,0.501005,493,0,0,0,0,493,0,0,0,0,0
95,0.500957,517,0,0,0,0,517,0,0,0,0,0
96,0.500875,571,0,0,0,0,571,0,0,0,0,0
97,0.500825,662,0,0,0,0,662,0,0,0,0,0
98,0.500934,775,0,0,0,0,775,0,0,0,0,0
99,0.501017,865,0,0,0,0,865,0,0,0,0,0
100,0.50109,915,0,0,0,0,915,0,0,0,0,0
101,0.50109,915,0,0,0,0,915,0,0,0,0,0
102,0.501084,916,0,0,0,0,916,0,0,0,0,0
103,0.501051,925,0,0,0,0,925,0,0,0,0,0
104,0.501021,944,0,0,0,0,944,0,0,0,0,0
105,0.500903,1011,0,0,0,0,1011,0,0,0,0,0
106,0.50086,1115,0,0,0,0,1115,0,0,0,0,0
107,0.500862,1293,0,0,0,0,1293,0,0,0,0,0
108,0.500951,1484,0,0,0,0,1484,0,0,0,0,0
109,0.500978,1622,0,0,0,0,1622,0,0,0,0,0
110,0.501049,1684,0,0,0,0,1684,0,0,0,0,0
111,0.501049,1684,0,0,0,0,1684,0,0,0,0,0
112,0.501031,1688,0,0,0,0,1688,0,0,0,0,0
113,0.500997,1709,0,0,0,0,1709,0,0,0,0,0
114,0.500963,1759,0,0,0,0,1759,0,0,0,0,0
115,0.500863,1888,0,0,0,0,1888,0,0,0,0,0
116,0.500804,2082,0,0,0,0,2082,0,0,0,0,0
117,0.500826,2363,0,0,0,0,2363,0,0,0,0,0
118,0.500922,2629,0,0,0,0,2629,0,0,0,0,0
119,0.500984,2793,0,0,0,0,2793,0,0,0,0,0
120,0.501015,2855,0,0,0,0,2855,0,0,0,0,0
121,0.501012,2857,0,0,0,0,2857,0,0,0,0,0
122,0.500985,2866,0,0,0,0,2866,0,0,0,0,0
123,0.500951,2914,0,0,0,0,2914,0,0,0,0,0
124,0.500902,3008,0,0,0,0,3008,0,0,0,0,0
125,0.50083,3214,0,0,0,0,3214,0,0,0,0,0
126,0.500865,3544,0,0,0,0,3544,0,0,0,0,0
127,0.500875,3908,0,0,0,0,3908,0,0,0,0,0
128,0.500944,4226,0,0,0,0,4226,0,0,0,0,0
129,0.501005,4405,0,0,0,0,4405,0,0,0,0,0
130,0.501022,4467,0,0,0,0,4467,0,0,0,0,0
131,0.501013,4472,0,0,0,0,4472,0,0,0,0,0
132,0.500998,4493,0,0,0,0,4493,0,0,0,0,0
133,0.500953,4562,0,0,0,0,4562,0,0,0,0,0
134,0.500898,4720,0,0,0,0,4720,0,0,0,0,0
135,0.500893,4984,0,0,0,0,4984,0,0,0,0,0
136,0.500907,5373,0,0,0,0,5373,0,0,0,0,0
137,0.500936,5732,0,0,0,0,5732,0,0,0,0,0
138,0.501042,5985,0,0,0,0,5985,0,0,0,0,0
139,0.50108,6116,0,0,0,0,6116,0,0,0,0,0
140,0.501089,6159,0,0,0,0,6159,0,0,0,0,0
141,0.501081,6170,0,0,0,0,6170,0,0,0,0,0
142,0.501056,6206,0,0,0,0,6206,0,0,0,0,0
143,0.501017,6281,0,0,0,0,6281,0,0,0,0,0
144,0.500954,6463,0,0,0,0,6463,0,0,0,0,0
145,0.500888,6737,0,0,0,0,6737,0,0,0,0,0
146,0.500891,7055,0,0,0,0,7055,0,0,0,0,0
147,0.500967,7331,0,0,0,0,7331,0,0,0,0,0
148,0.501012,7536,0,0,0,0,7536,0,0,0,0,0
149,0.501011,7624,0,0,0,0,7624,0,0,0,0,0
150,0.501029,7658,0,0,0,0,7658,0,0,0,0,0
151,0.501009,7668,0,0,0,0,7668,0,0,0,0,0
152,0.500973,7709,0,0,0,0,7709,0,0,0,0,0
153,0.50096,7781,0,0,0,0,7781,0,0,0,0,0
154,0.500875,7948,0,0,0,0,7948,0,0,0,0,0
155,0.500837,8134,0,0,0,0,8134,0,0,0,0,0
156,0.500865,8347,0,0,0,0,8347,0,0,0,0,0
157,0.500944,8508,0,0,0,0,8508,0,0,0,0,0
158,0.50104,8607,0,0,0,0,8607,0,0,0,0,0
159,0.501052,8657,0,0,0,0,8657,0,0,0,0,0
160,0.501045,8669,0,0,0,0,8669,0,0,0,0,0
161,0.501011,8680,0,0,0,0,8680,0,0,0,0,0
162,0.500993,8718,0,0,0,0,8718,0,0,0,0,0
163,0.500976,8780,0,0,0,0,8780,0,0,0,0,0
164,0.500886,8903,0,0,0,0,8903,0,0,0,0,0
165,0.5008,9028,0,0,0,0,9028,0,0,0,0,0
166,0.500875,9146,0,0,0,0,9146,0,0,0,0,0
167,0.500872,9234,0,0,0,0,9234,0,0,0,0,0
168,0.500939,9280,0,0,0,0,9280,0,0,0,0,0
169,0.500964,9306,0,0,0,0,9306,0,0,0,0,0
170,0.500964,9312,0,0,0,0,9312,0,0,0,0,0
171,0.500911,9320,0,0,0,0,9320,0,0,0,0,0
172,0.500932,9341,0,0,0,0,9341,0,0,0,0,0
173,0.500856,9373,0,0,0,0,9373,0,0,0,0,0
174,0.500733,9422,0,0,0,0,9422,0,0,0,0,0
175,0.500727,9492,0,0,0,0,9492,0,0,0,0,0
176,0.500839,9552,0,0,0,0,9552,0,0,0,0,0
177,0.50092,9589,0,0,0,0,9589,0,0,0,0,0
178,0.500983,9607,0,0,0,0,9607,0,0,0,0,0
179,0.500983,9616,0,0,0,0,9616,0,0,0,0,0
180,0.500989,9619,0,0,0,0,9619,0,0,0,0,0
181,0.500967,9624,0,0,0,0,9624,0,0,0,0,0
182,0.500915,9644,0,0,0,0,9644,0,0,0,0,0
183,0.500865,9671,0,0,0,0,9671,0,0,0,0,0
184,0.500809,9711,0,0,0,0,9711,0,0,0,0,0
185,0.500807,9743,0,0,0,0,9743,0,0,0,0,0
186,0.500902,9775,0,0,0,0,9775,0,0,0,0,0
187,0.500959,9799,0,0,0,0,9799,0,0,0,0,0
188,0.501009,9808,0,0,0,0,9808,0,0,0,0,0
189,0.501009,9810,0,0,0,0,9810,0,0,0,0,0
190,0.501008,9812,0,0,0,0,9812,0,0,0,0,0
191,0.500957,9816,0,0,0,0,9816,0,0,0,0,0
192,0.500894,9823,0,0,0,0,9823,0,0,0,0,0
193,0.500871,9844,0,0,0,0,9844,0,0,0,0,0
194,0.500801,9860,0,0,0,0,9860,0,0,0,0,0
195,0.500836,9884,0,0,0,0,9884,0,0,0,0,0
196,0.500975,9895,0,0,0,0,9895,0,0,0,0,0
197,0.501006,9899,0,0,0,0,9899,0,0,0,0,0
198,0.501032,9901,0,0,0,0,9901,0,0,0,0,0
199,0.501036,9904,0,0,0,0,9904,0,0,0,0,0
200,0.501024,9905,0,0,0,0,9905,0,0,0,0,0
201,0.500978,9907,0,0,0,0,9907,0,0,0,0,0
202,0.500924,9912,0,0,0,0,9912,0,0,0,0,0
203,0.500843,9921,0,0,0,0,9921,0,0,0,0,0
204,0.500797,9927,0,0,0,0,9927,0,0,0,0,0
205,0.500868,9935,0,0,0,0,9935,0,0,0,0,0
206,0.500951,9945,0,0,0,0,9945,0,0,0,0,0
207,0.500973,9950,0,0,0,0,9950,0,0,0,0,0
208,0.500998,9955,0,0,0,0,9955,0,0,0,0,0
209,0.501017,9957,0,0,0,0,9957,0,0,0,0,0
210,0.501005,9957,0,0,0,0,9957,0,0,0,0,0
211,0.500951,9958,0,0,0,0,9958,0,0,0,0,0
212,0.500881,9962,0,0,0,0,9962,0,0,0,0,0
213,0.500832,9963,0,0,0,0,9963,0,0,0,0,0
214,0.500821,9967,0,0,0,0,9967,0,0,0,0,0
215,0.500916,9968,0,0,0,0,9968,0,0,0,0,0
216,0.501007,9971,0,0,0,0,9971,0,0,0,0,0
217,0.501044,9971,0,0,0,0,9971,0,0,0,0,0
218,0.501049,9974,0,0,0,0,9974,0,0,0,0,0
219,0.501052,9975,0,0,0,0,9975,0,0,0,0,0
220,0.501037,9975,0,0,0,0,9975,0,0,0,0,0
221,0.50101,9976,0,0,0,0,9976,0,0,0,0,0
222,0.50095,9977,0,0,0,0,9977,0,0,0,0,0
223,0.50088,9981,0,0,0,0,9981,0,0,0,0,0
224,0.500836,9983,0,0,0,0,9983,0,0,0,0,0
225,0.500862,9983,0,0,0,0,9983,0,0,0,0,0
226,0.500931,9984,0,0,0,0,9984,0,0,0,0,0
227,0.500984,9987,0,0,0,0,9987,0,0,0,0,0
228,0.500981,9987,0,0,0,0,9987,0,0,0,0,0
229,0.500979,9987,0,0,0,0,9987,0,0,0,0,0
230,0.500944,9987,0,0,0,0,9987,0,0,0,0,0
231,0.500884,9987,0,0,0,0,9987,0,0,0,0,0
232,0.500797,9987,0,0,0,0,9987,0,0,0,0,0
233,0.500798,9989,0,0,0,0,9989,0,0,0,0,0
234,0.500786,9992,0,0,0,0,9992,0,0,0,0,0
235,0.500917,9993,0,0,0,0,9993,0,0,0,0,0
236,0.500994,9994,0,0,0,0,9994,0,0,0,0,0
237,0.501038,9994,0,0,0,0,9994,0,0,0,0,0
238,0.501046,9994,0,0,0,0,9994,0,0,0,0,0
239,0.50105,9995,0,0,0,0,9995,0,0,0,0,0
240,0.501015,9995,0,0,0,0,9995,0,0,0,0,0
241,0.500967,9996,0,0,0,0,9996,0,0,0,0,0
242,0.500862,9996,0,0,0,0,9996,0,0,0,0,0
243,0.500839,9997,0,0,0,0,9997,0,0,0,0,0
244,0.500925,9997,0,0,0,0,9997,0,0,0,0,0
245,0.501012,9997,0,0,0,0,9997,0,0,0,0,0
246,0.501057,9997,0,0,0,0,9997,0,0,0,0,0
247,0.501108,9998,0,0,0,0,9998,0,0,0,0,0
248,0.501107,9998,0,0,0,0,9998,0,0,0,0,0
249,0.501077,9998,0,0,0,0,9998,0,0,0,0,0
250,0.501022,9998,0,0,0,0,9998,0,0,0,0,0
251,0.500987,9999,0,0,0,0,9999,0,0,0,0,0
252,0.500938,9999,0,0,0,0,9999,0,0,0,0,0
253,0.500947,9999,0,0,0,0,9999,0,0,0,0,0
254,0.501006,9999,0,0,0,0,9999,0,0,0,0,0
255,0.501055,9999,0,0,0,0,9999,0,0,0,0,0
256,0.501062,9999,0,0,0,0,9999,0,0,0,0,0
257,0.501056,10000,0,0,0,0,10000,0,0,0,0,0
258,0.501048,10000,0,0,0,0,10000,0,0,0,0,0
259,0.501015,10000,0,0,0,0,10000,0,0,0,0,0
260,0.500962,10000,0,0,0,0,10000,0,0,0,0,0
261,0.500974,10000,0,0,0,0,10000,0,0,0,0,0
262,0.500904,10000,0,0,0,0,10000,0,0,0,0,0
263,0.500849,10000,0,0,0,0,10000,0,0,0,0,0
264,0.500845,10000,0,0,0,0,10000,0,0,0,0,0
265,0.500886,10000,0,0,0,0,10000,0,0,0,0,0
266,0.500897,10000,0,0,0,0,10000,0,0,0,0,0
267,0.500903,10000,0,0,0,0,10000,0,0,0,0,0
268,0.500892,10000,0,0,0,0,10000,0,0,0,0,0
269,0.50089,10000,0,0,0,0,10000,0,0,0,0,0
270,0.500876,10000,0,0,0,0,10000,0,0,0,0,0
271,0.500814,10000,0,0,0,0,10000,0,0,0,0,0
272,0.50076,10000,0,0,0,0,10000,0,0,0,0,0
273,0.500774,10000,0,0,0,0,10000,0,0,0,0,0
274,0.500823,10000,0,0,0,0,10000,0,0,0,0,0
275,0.500893,10000,0,0,0,0,10000,0,0,0,0,0
276,0.500936,10000,0,0,0,0,10000,0,0,0,0,0
277,0.500969,10000,0,0,0,0,10000,0,0,0,0,0
278,0.500984,10000,0,0,0,0,10000,0,0,0,0,0
279,0.50098,10000,0,0,0,0,10000,0,0,0,0,0
280,0.500965,10000,0,0,0,0,10000,0,0,0,0,0
281,0.500898,10000,0,0,0,0,10000,0,0,0,0,0
282,0.500883,10000,0,0,0,0,10000,0,0,0,0,0
283,0.500891,10000,0,0,0,0,10000,0,0,0,0,0
284,0.500889,10000,0,0,0,0,10000,0,0,0,0,0
285,0.500941,10000,0,0,0,0,10000,0,0,0,0,0
286,0.500961,10000,0,0,0,0,10000,0,0,0,0,0
287,0.500989,10000,0,0,0,0,10000,0,0,0,0,0
288,0.500967,10000,0,0,0,0,10000,0,0,0,0,0
289,0.500991,10000,0,0,0,0,10000,0,0,0,0,0
290,0.500919,10000,0,0,0,0,10000,0,0,0,0,0
291,0.500896,10000,0,0,0,0,10000,0,0,0,0,0
292,0.500839,10000,0,0,0,0,10000,0,0,0,0,0
293,0.500875,10000,0,0,0,0,10000,0,0,0,0,0
294,0.500943,10000,0,0,0,0,10000,0,0,0,0,0
295,0.500956,10000,0,0,0,0,10000,0,0,0,0,0
296,0.500986,10000,0,0,0,0,10000,0,0,0,0,0
297,0.501006,10000,0,0,0,0,10000,0,0,0,0,0
298,0.500959,10000,0,0,0,0,10000,0,0,0,0,0
299,0.50091,10000,0,0,0,0,10000,0,0,0,0,0
300,0.500873,10000,0,0,0,0,10000,0,0,0,0,0
301,0.500876,10000,0,0,0,0,10000,0,0,0,0,0
302,0.500854,10000,0,0,0,0,10000,0,0,0,0,0
303,0.50094,10000,0,0,0,0,10000,0,0,0,0,0
304,0.500971,10000,0,0,0,0,10000,0,0,0,0,0
305,0.500984,10000,0,0,0,0,10000,0,0,0,0,0
306,0.501008,10000,0,0,0,0,10000,0,0,0,0,0
307,0.50105,10000,0,0,0,0,10000,0,0,0,0,0
308,0.501052,10000,0,0,0,0,10000,0,0,0,0,0
309,0.501013,10000,0,0,0,0,10000,0,0,0,0,0
310,0.500969,10000,0,0,0,0,10000,0,0,0,0,0
311,0.500988,10000,0,0,0,0,10000,0,0,0,0,0
312,0.501037,10000,0,0,0,0,10000,0,0,0,0,0
313,0.501078,10000,0,0,0,0,10000,0,0,0,0,0
314,0.501112,10000,0,0,0,0,10000,0,0,0,0,0
315,0.501149,10000,0,0,0,0,10000,0,0,0,0,0
316,0.50115,10000,0,0,0,0,10000,0,0,0,0,0
317,0.501153,10000,0,0,0,0,10000,0,0,0,0,0
318,0.501099,10000,0,0,0,0,10000,0,0,0,0,0
319,0.501031,10000,0,0,0,0,10000,0,0,0,0,0
320,0.500949,10000,0,0,0,0,10000,0,0,0,0,0
321,0.500966,10000,0,0,0,0,10000,0,0,0,0,0
322,0.501024,10000,0,0,0,0,10000,0,0,0,0,0
323,0.501003,10000,0,0,0,0,10000,0,0,0,0,0
324,0.50101,10000,0,0,0,0,10000,0,0,0,0,0
325,0.501024,10000,0,0,0,0,10000,0,0,0,0,0
326,0.501019,10000,0,0,0,0,10000,0,0,0,0,0
327,0.500993,10000,0,0,0,0,10000,0,0,0,0,0
328,0.50093,10000,0,0,0,0,10000,0,0,0,0,0
329,0.500862,10000,0,0,0,0,10000,0,0,0,0,0
330,0.500808,10000,0,0,0,0,10000,0,0,0,0,0
331,0.500897,10000,0,0,0,0,10000,0,0,0,0,0
332,0.500903,10000,0,0,0,0,10000,0,0,0,0,0
333,0.500916,10000,0,0,0,0,10000,0,0,0,0,0
334,0.50093,10000,0,0,0,0,10000,0,0,0,0,0
335,0.50095,10000,0,0,0,0,10000,0,0,0,0,0
336,0.500932,10000,0,0,0,0,10000,0,0,0,0,0
337,0.500946,10000,0,0,0,0,10000,0,0,0,0,0
338,0.50089,10000,0,0,0,0,10000,0,0,0,0,0
339,0.500866,10000,0,0,0,0,10000,0,0,0,0,0
340,0.500826,10000,0,0,0,0,10000,0,0,0,0,0
341,0.50084,10000,0,0,0,0,10000,0,0,0,0,0
342,0.500865,10000,0,0,0,0,10000,0,0,0,0,0
343,0.500854,10000,0,0,0,0,10000,0,0,0,0,0
344,0.500902,10000,0,0,0,0,10000,0,0,0,0,0
345,0.500915,10000,0,0,0,0,10000,0,0,0,0,0
346,0.5009,10000,0,0,0,0,10000,0,0,0,0,0
347,0.500903,10000,0,0,0,0,10000,0,0,0,0,0
348,0.500828,10000,0,0,0,0,10000,0,0,0,0,0
349,0.500835,10000,0,0,0,0,10000,0,0,0,0,0
350,0.500825,10000,0,0,0,0,10000,0,0,0,0,0
351,0.500876,10000,0,0,0,0,10000,0,0,0,0,0
352,0.50093,10000,0,0,0,0,10000,0,0,0,0,0
353,0.500929,10000,0,0,0,0,10000,0,0,0,0,0
354,0.500949,10000,0,0,0,0,10000,0,0,0,0,0
355,0.500913,10000,0,0,0,0,10000,0,0,0,0,0
356,0.500881,10000,0,0,0,0,10000,0,0,0,0,0
357,0.500877,10000,0,0,0,0,10000,0,0,0,0,0
358,0.500839,10000,0,0,0,0,10000,0,0,0,0,0
359,0.500861,10000,0,0,0,0,10000,0,0,0,0,0
360,0.500861,10000,0,0,0,0,10000,0,0,0,0,0
361,0.500814,10000,0,0,0,0,10000,0,0,0,0,0
362,0.50087,10000,0,0,0,0,10000,0,0,0,0,0
363,0.500906,10000,0,0,0,0,10000,0,0,0,0,0
364,0.500956,10000,0,0,0,0,10000,0,0,0,0,0
365,0.50097,10000,0,0,0,0,10000,0,0,0,0,0
366,0.500966,10000,0,0,0,0,10000,0,0,0,0,0
367,0.500914,10000,0,0,0,0,10000,0,0,0,0,0
368,0.500873,10000,0,0,0,0,10000,0,0,0,0,0
369,0.500844,10000,0,0,0,0,10000,0,0,0,0,0
370,0.500867,10000,0,0,0,0,10000,0,0,0,0,0
371,0.500869,10000,0,0,0,0,10000,0,0,0,0,0
372,0.500895,10000,0,0,0,0,10000,0,0,0,0,0
373,0.500907,10000,0,0,0,0,10000,0,0,0,0,0
374,0.500995,10000,0,0,0,0,10000,0,0,0,0,0
375,0.500988,10000,0,0,0,0,10000,0,0,0,0,0
376,0.500985,10000,0,0,0,0,10000,0,0,0,0,0
377,0.500939,10000,0,0,0,0,10000,0,0,0,0,0
378,0.500912,10000,0,0,0,0,10000,0,0,0,0,0
379,0.500942,10000,0,0,0,0,10000,0,0,0,0,0
380,0.500914,10000,0,0,0,0,10000,0,0,0,0,0
381,0.501004,10000,0,0,0,0,10000,0,0,0,0,0
382,0.501061,10000,0,0,0,0,10000,0,0,0,0,0
383,0.501081,10000,0,0,0,0,10000,0,0,0,0,0
384,0.501109,10000,0,0,0,0,10000,0,0,0,0,0
385,0.501105,10000,0,0,0,0,10000,0,0,0,0,0
386,0.501046,10000,0,0,0,0,10000,0,0,0,0,0
387,0.500984,10000,0,0,0,0,10000,0,0,0,0,0
388,0.500963,10000,0,0,0,0,10000,0,0,0,0,0
389,0.501037,10000,0,0,0,0,10000,0,0,0,0,0
390,0.501023,10000,0,0,0,0,10000,0,0,0,0,0
391,0.501006,10000,0,0,0,0,10000,0,0,0,0,0
392,0.501068,10000,0,0,0,0,10000,0,0,0,0,0
393,0.501055,10000,0,0,0,0,10000,0,0,0,0,0
394,0.501071,10000,0,0,0,0,10000,0,0,0,0,0
395,0.501064,10000,0,0,0,0,10000,0,0,0,0,0
396,0.501038,10000,0,0,0,0,10000,0,0,0,0,0
397,0.501023,10000,0,0,0,0,10000,0,0,0,0,0
398,0.500997,10000,0,0,0,0,10000,0,0,0,0,0
399,0.500993,10000,0,0,0,0,10000,0,0,0,0,0
400,0.501005,10000,0,0,0,0,10000,0,0,0,0,0
401,0.501007,10000,0,0,0,0,10000,0,0,0,0,0
402,0.501078,10000,0,0,0,0,10000,0,0,0,0,0
403,0.501084,10000,0,0,0,0,10000,0,0,0,0,0
404,0.501088,10000,0,0,0,0,10000,0,0,0,0,0
405,0.501057,10000,0,0,0,0,10000,0,0,0,0,0
406,0.500977,10000,0,0,0,0,10000,0,0,0,0,0
407,0.500968,10000,0,0,0,0,10000,0,0,0,0,0
408,0.501004,10000,0,0,0,0,10000,0,0,0,0,0
409,0.501002,10000,0,0,0,0,10000,0,0,0,0,0
410,0.501048,10000,0,0,0,0,10000,0,0,0,0,0
411,0.501091,10000,0,0,0,0,10000,0,0,0,0,0
412,0.501131,10000,0,0,0,0,10000,0,0,0,0,0
413,0.501101,10000,0,0,0,0,10000,0,0,0,0,0
414,0.501109,10000,0,0,0,0,10000,0,0,0,0,0
415,0.501038,10000,0,0,0,0,10000,0,0,0,0,0
416,0.500979,10000,0,0,0,0,10000,0,0,0,0,0
417,0.500934,10000,0,0,0,0,10000,0,0,0,0,0
418,0.500962,10000,0,0,0,0,10000,0,0,0,0,0
419,0.500972,10000,0,0,0,0,10000,0,0,0,0,0
420,0.500922,10000,0,0,0,0,10000,0,0,0,0,0
421,0.501012,10000,0,0,0,0,10000,0,0,0,0,0
422,0.501046,10000,0,0,0,0,10000,0,0,0,0,0
423,0.500984,10000,0,0,0,0,10000,0,0,0,0,0
424,0.500967,10000,0,0,0,0,10000,0,0,0,0,0
425,0.500906,10000,0,0,0,0,10000,0,0,0,0,0
426,0.500839,10000,0,0,0,0,10000,0,0,0,0,0
427,0.500851,10000,0,0,0,0,10000,0,0,0,0,0
428,0.500915,10000,0,0,0,0,10000,0,0,0,0,0
429,0.500941,10000,0,0,0,0,10000,0,0,0,0,0
430,0.500975,10000,0,0,0,0,10000,0,0,0,0,0
431,0.500985,10000,0,0,0,0,10000,0,0,0,0,0
432,0.501009,10000,0,0,0,0,10000,0,0,0,0,0
433,0.501011,10000,0,0,0,0,10000,0,0,0,0,0
434,0.501003,10000,0,0,0,0,10000,0,0,0,0,0
435,0.500929,10000,0,0,0,0,10000,0,0,0,0,0
436,0.500946,10000,0,0,0,0,10000,0,0,0,0,0
437,0.500948,10000,0,0,0,0,10000,0,0,0,0,0
438,0.501013,10000,0,0,0,0,10000,0,0,0,0,0
439,0.501029,10000,0,0,0,0,10000,0,0,0,0,0
440,0.501087,10000,0,0,0,0,10000,0,0,0,0,0
441,0.501138,10000,0,0,0,0,10000,0,0,0,0,0
442,0.501131,10000,0,0,0,0,10000,0,0,0,0,0
443,0.501112,10000,0,0,0,0,10000,0,0,0,0,0
444,0.501083,10000,0,0,0,0,10000,0,0,0,0,0
445,0.501031,10000,0,0,0,0,10000,0,0,0,0,0
446,0.50104,10000,0,0,0,0,10000,0,0,0,0,0
447,0.500942,10000,0,0,0,0,10000,0,0,0,0,0
448,0.500992,10000,0,0,0,0,10000,0,0,0,0,0
449,0.500966,10000,0,0,0,0,10000,0,0,0,0,0
450,0.501004,10000,0,0,0,0,10000,0,0,0,0,0
451,0.50102,10000,0,0,0,0,10000,0,0,0,0,0
452,0.501026,10000,0,0,0,0,10000,0,0,0,0,0
453,0.501046,10000,0,0,0,0,10000,0,0,0,0,0
454,0.501041,10000,0,0,0,0,10000,0,0,0,0,0
455,0.50098,10000,0,0,0,0,10000,0,0,0,0,0
456,0.501033,10000,0,0,0,0,10000,0,0,0,0,0
457,0.501055,10000,0,0,0,0,10000,0,0,0,0,0
458,0.501119,10000,0,0,0,0,10000,0,0,0,0,0
459,0.50115,10000,0,0,0,0,10000,0,0,0,0,0
460,0.501136,10000,0,0,0,0,10000,0,0,0,0,0
461,0.501128,10000,0,0,0,0,10000,0,0,0,0,0
462,0.501123,10000,0,0,0,0,10000,0,0,0,0,0
463,0.501132,10000,0,0,0,0,10000,0,0,0,0,0
464,0.501106,10000,0,0,0,0,10000,0,0,0,0,0
465,0.501094,10000,0,0,0,0,10000,0,0,0,0,0
466,0.501129,10000,0,0,0,0,10000,0,0,0,0,0
467,0.501188,10000,0,0,0,0,10000,0,0,0,0,0
468,0.501245,10000,0,0,0,0,10000,0,0,0,0,0
469,0.501227,10000,0,0,0,0,10000,0,0,0,0,0
470,0.501226,10000,0,0,0,0,10000,0,0,0,0,0
471,0.501244,10000,0,0,0,0,10000,0,0,0,0,0
472,0.50126,10000,0,0,0,0,10000,0,0,0,0,0
473,0.501297,10000,0,0,0,0,10000,0,0,0,0,0
474,0.501299,10000,0,0,0,0,10000,0,0,0,0,0
475,0.50123,10000,0,0,0,0,10000,0,0,0,0,0
476,0.501287,10000,0,0,0,0,10000,0,0,0,0,0
477,0.501322,10000,0,0,0,0,10000,0,0,0,0,0
478,0.501375,10000,0,0,0,0,10000,0,0,0,0,0
479,0.501364,10000,0,0,0,0,10000,0,0,0,0,0
480,0.501328,10000,0,0,0,0,10000,0,0,0,0,0
481,0.501332,10000,0,0,0,0,10000,0,0,0,0,0
482,0.501305,10000,0,0,0,0,10000,0,0,0,0,0
483,0.501265,10000,0,0,0,0,10000,0,0,0,0,0
484,0.501248,10000,0,0,0,0,10000,0,0,0,0,0
485,0.501197,10000,0,0,0,0,10000,0,0,0,0,0
486,0.501298,10000,0,0,0,0,10000,0,0,0,0,0
487,0.501277,10000,0,0,0,0,10000,0,0,0,0,0
488,0.501301,10000,0,0,0,0,10000,0,0,0,0,0
489,0.501294,10000,0,0,0,0,10000,0,0,0,0,0
490,0.501261,10000,0,0,0,0,10000,0,0,0,0,0
491,0.501245,10000,0,0,0,0,10000,0,0,0,0,0
492,0.501221,10000,0,0,0,0,10000,0,0,0,0,0
493,0.501202,10000,0,0,0,0,10000,0,0,0,0,0
494,0.501224,10000,0,0,0,0,10000,0,0,0,0,0
495,0.501215,10000,0,0,0,0,10000,0,0,0,0,0
496,0.501273,10000,0,0,0,0,10000,0,0,0,0,0
497,0.501265,10000,0,0,0,0,10000,0,0,0,0,0
498,0.501294,10000,0,0,0,0,10000,0,0,0,0,0
499,0.501315,10000,0,0,0,0,10000,0,0,0,0,0
500,0.501358,10000,0,0,0,0,10000,0,0,0,0,0
501,0.501283,10000,0,0,0,0,10000,0,0,0,0,0
502,0.501312,10000,0,0,0,0,10000,0,0,0,0,0
503,0.50134,10000,0,0,0,0,10000,0,0,0,0,0
504,0.501353,10000,0,0,0,0,10000,0,0,0,0,0
505,0.501379,10000,0,0,0,0,10000,0,0,0,0,0
506,0.501434,10000,0,0,0,0,10000,0,0,0,0,0
507,0.501474,10000,0,0,0,0,10000,0,0,0,0,0
508,0.501551,10000,0,0,0,0,10000,0,0,0,0,0
509,0.501524,10000,0,0,0,0,10000,0,0,0,0,0
510,0.501553,10000,0,0,0,0,10000,0,0,0,0,0
511,0.501478,10000,0,0,0,0,10000,0,0,0,0,0
512,0.501502,10000,0,0,0,0,10000,0,0,0,0,0
513,0.501551,10000,0,0,0,0,10000,0,0,0,0,0
514,0.501541,10000,0,0,0,0,10000,0,0,0,0,0
515,0.501592,10000,0,0,0,0,10000,0,0,0,0,0
516,0.501635,10000,0,0,0,0,10000,0,0,0,0,0
517,0.501633,10000,0,0,0,0,10000,0,0,0,0,0
518,0.501572,10000,0,0,0,0,10000,0,0,0,0,0
519,0.501551,10000,0,0,0,0,10000,0,0,0,0,0
520,0.501585,10000,0,0,0,0,10000,0,0,0,0,0
521,0.501539,10000,0,0,0,0,10000,0,0,0,0,0
522,0.501559,10000,0,0,0,0,10000,0,0,0,0,0
523,0.501614,10000,0,0,0,0,10000,0,0,0,0,0
524,0.501623,10000,0,0,0,0,10000,0,0,0,0,0
525,0.501626,10000,0,0,0,0,10000,0,0,0,0,0
526,0.501728,10000,0,0,0,0,10000,0,0,0,0,0
527,0.501715,10000,0,0,0,0,10000,0,0,0,0,0
528,0.501728,10000,0,0,0,0,10000,0,0,0,0,0
529,0.501721,10000,0,0,0,0,10000,0,0,0,0,0
530,0.501701,10000,0,0,0,0,10000,0,0,0,0,0
531,0.501665,10000,0,0,0,0,10000,0,0,0,0,0
532,0.501692,10000,0,0,0,0,10000,0,0,0,0,0
533,0.501702,10000,0,0,0,0,10000,0,0,0,0,0
534,0.501754,10000,0,0,0,0,10000,0,0,0,0,0
535,0.501781,10000,0,0,0,0,10000,0,0,0,0,0
536,0.501776,10000,0,0,0,0,10000,0,0,0,0,0
537,0.501727,10000,0,0,0,0,10000,0,0,0,0,0
538,0.501746,10000,0,0,0,0,10000,0,0,0,0,0
539,0.50169,10000,0,0,0,0,10000,0,0,0,0,0
540,0.501693,10000,0,0,0,0,10000,0,0,0,0,0
541,0.501637,10000,0,0,0,0,10000,0,0,0,0,0
542,0.50165,10000,0,0,0,0,10000,0,0,0,0,0
543,0.501686,10000,0,0,0,0,10000,0,0,0,0,0
544,0.501709,10000,0,0,0,0,10000,0,0,0,0,0
545,0.501778,10000,0,0,0,0,10000,0,0,0,0,0
546,0.50182,10000,0,0,0,0,10000,0,0,0,0,0
547,0.501734,10000,0,0,0,0,10000,0,0,0,0,0
548,0.50176,10000,0,0,0,0,10000,0,0,0,0,0
549,0.501759,10000,0,0,0,0,10000,0,0,0,0,0
550,0.501732,10000,0,0,0,0,10000,0,0,0,0,0
551,0.501654,10000,0,0,0,0,10000,0,0,0,0,0
552,0.501716,10000,0,0,0,0,10000,0,0,0,0,0
553,0.501776,10000,0,0,0,0,10000,0,0,0,0,0
554,0.501785,10000,0,0,0,0,10000,0,0,0,0,0
555,0.501819,10000,0,0,0,0,10000,0,0,0,0,0
556,0.501855,10000,0,0,0,0,10000,0,0,0,0,0
557,0.501801,10000,0,0,0,0,10000,0,0,0,0,0
558,0.501782,10000,0,0,0,0,10000,0,0,0,0,0
559,0.501795,10000,0,0,0,0,10000,0,0,0,0,0
560,0.501742,10000,0,0,0,0,10000,0,0,0,0,0
561,0.501707,10000,0,0,0,0,10000,0,0,0,0,0
562,0.501694,10000,0,0,0,0,10000,0,0,0,0,0
563,0.501691,10000,0,0,0,0,10000,0,0,0,0,0
564,0.501748,10000,0,0,0,0,10000,0,0,0,0,0
565,0.50171,10000,0,0,0,0,10000,0,0,0,0,0
566,0.501697,10000,0,0,0,0,10000,0,0,0,0,0
567,0.501686,10000,0,0,0,0,10000,0,0,0,0,0
568,0.501691,10000,0,0,0,0,10000,0,0,0,0,0
569,0.50169,10000,0,0,0,0,10000,0,0,0,0,0
570,0.50167,10000,0,0,0,0,10000,0,0,0,0,0
571,0.501614,10000,0,0,0,0,10000,0,0,0,0,0
572,0.501562,10000,0,0,0,0,10000,0,0,0,0,0
573,0.501589,10000,0,0,0,0,10000,0,0,0,0,0
574,0.501614,10000,0,0,0,0,10000,0,0,0,0,0
575,0.501648,10000,0,0,0,0,10000,0,0,0,0,0
576,0.501577,10000,0,0,0,0,10000,0,0,0,0,0
577,0.50156,10000,0,0,0,0,10000,0,0,0,0,0
578,0.501494,10000,0,0,0,0,10000,0,0,0,0,0
579,0.501566,10000,0,0,0,0,10000,0,0,0,0,0
580,0.501606,10000,0,0,0,0,10000,0,0,0,0,0
581,0.501609,10000,0,0,0,0,10000,0,0,0,0,0
582,0.501545,10000,0,0,0,0,10000,0,0,0,0,0
583,0.501618,10000,0,0,0,0,10000,0,0,0,0,0
584,0.501668,10000,0,0,0,0,10000,0,0,0,0,0
585,0.501643,10000,0,0,0,0,10000,0,0,0,0,0
586,0.501624,10000,0,0,0,0,10000,0,0,0,0,0
587,0.501648,10000,0,0,0,0,10000,0,0,0,0,0
588,0.50159,10000,0,0,0,0,10000,0,0,0,0,0
589,0.50163,10000,0,0,0,0,10000,0,0,0,0,0
590,0.501656,10000,0,0,0,0,10000,0,0,0,0,0
591,0.501699,10000,0,0,0,0,10000,0,0,0,0,0
592,0.501702,10000,0,0,0,0,10000,0,0,0,0,0
593,0.501745,10000,0,0,0,0,10000,0,0,0,0,0
594,0.501724,10000,0,0,0,0,10000,0,0,0,0,0
595,0.501679,10000,0,0,0,0,10000,0,0,0,0,0
596,0.501665,10000,0,0,0,0,10000,0,0,0,0,0
597,0.501651,10000,0,0,0,0,10000,0,0,0,0,0
598,0.501641,10000,0,0,0,0,10000,0,0,0,0,0
599,0.501623,10000,0,0,0,0,10000,0,0,0,0,0
600,0.501627,10000,0,0,0,0,10000,0,0,0,0,0
601,0.501612,10000,0,0,0,0,10000,0,0,0,0,0
602,0.501647,10000,0,0,0,0,10000,0,0,0,0,0
603,0.501657,10000,0,0,0,0,10000,0,0,0,0,0
604,0.501618,10000,0,0,0,0,10000,0,0,0,0,0
605,0.501481,10000,0,0,0,0,10000,0,0,0,0,0
606,0.501453,10000,0,0,0,0,10000,0,0,0,0,0
607,0.501481,10000,0,0,0,0,10000,0,0,0,0,0
608,0.50147,10000,0,0,0,0,10000,0,0,0,0,0
609,0.501484,10000,0,0,0,0,10000,0,0,0,0,0
610,0.501555,10000,0,0,0,0,10000,0,0,0,0,0
611,0.501565,10000,0,0,0,0,10000,0,0,0,0,0
612,0.501606,10000,0,0,0,0,10000,0,0,0,0,0
613,0.501608,10000,0,0,0,0,10000,0,0,0,0,0
614,0.501521,10000,0,0,0,0,10000,0,0,0,0,0
615,0.501423,10000,0,0,0,0,10000,0,0,0,0,0
616,0.501455,10000,0,0,0,0,10000,0,0,0,0,0
617,0.501467,10000,0,0,0,0,10000,0,0,0,0,0
618,0.50143,10000,0,0,0,0,10000,0,0,0,0,0
619,0.50141,10000,0,0,0,0,10000,0,0,0,0,0
620,0.501471,10000,0,0,0,0,10000,0,0,0,0,0
621,0.501521,10000,0,0,0,0,10000,0,0,0,0,0
622,0.501586,10000,0,0,0,0,10000,0,0,0,0,0
623,0.501585,10000,0,0,0,0,10000,0,0,0,0,0
624,0.501487,10000,0,0,0,0,10000,0,0,0,0,0
625,0.501464,10000,0,0,0,0,10000,0,0,0,0,0
626,0.501519,10000,0,0,0,0,10000,0,0,0,0,0
627,0.501485,10000,0,0,0,0,10000,0,0,0,0,0
628,0.501482,10000,0,0,0,0,10000,0,0,0,0,0
629,0.501414,10000,0,0,0,0,10000,0,0,0,0,0
630,0.501502,10000,0,0,0,0,10000,0,0,0,0,0
631,0.501443,10000,0,0,0,0,10000,0,0,0,0,0
632,0.501525,10000,0,0,0,0,10000,0,0,0,0,0
633,0.501573,10000,0,0,0,0,10000,0,0,0,0,0
634,0.501498,10000,0,0,0,0,10000,0,0,0,0,0
635,0.501403,10000,0,0,0,0,10000,0,0,0,0,0
636,0.501414,10000,0,0,0,0,10000,0,0,0,0,0
637,0.501442,10000,0,0,0,0,10000,0,0,0,0,0
638,0.501424,10000,0,0,0,0,10000,0,0,0,0,0
639,0.501393,10000,0,0,0,0,10000,0,0,0,0,0
640,0.501472,10000,0,0,0,0,10000,0,0,0,0,0
641,0.501443,10000,0,0,0,0,10000,0,0,0,0,0
642,0.501484,10000,0,0,0,0,10000,0,0,0,0,0
643,0.501451,10000,0,0,0,0,10000,0,0,0,0,0
644,0.501368,10000,0,0,0,0,10000,0,0,0,0,0
645,0.501325,10000,0,0,0,0,10000,0,0,0,0,0
646,0.501343,10000,0,0,0,0,10000,0,0,0,0,0
647,0.501345,10000,0,0,0,0,10000,0,0,0,0,0
648,0.501329,10000,0,0,0,0,10000,0,0,0,0,0
649,0.501331,10000,0,0,0,0,10000,0,0,0,0,0
650,0.501414,10000,0,0,0,0,10000,0,0,0,0,0
651,0.501391,10000,0,0,0,0,10000,0,0,0,0,0
652,0.501431,10000,0,0,0,0,10000,0,0,0,0,0
653,0.50138,10000,0,0,0,0,10000,0,0,0,0,0
654,0.501263,10000,0,0,0,0,10000,0,0,0,0,0
655,0.501236,10000,0,0,0,0,10000,0,0,0,0,0
656,0.501219,10000,0,0,0,0,10000,0,0,0,0,0
657,0.501244,10000,0,0,0,0,10000,0,0,0,0,0
658,0.501245,10000,0,0,0,0,10000,0,0,0,0,0
659,0.501306,10000,0,0,0,0,10000,0,0,0,0,0
660,0.501314,10000,0,0,0,0,10000,0,0,0,0,0
661,0.501331,10000,0,0,0,0,10000,0,0,0,0,0
662,0.501294,10000,0,0,0,0,10000,0,0,0,0,0
663,0.501236,10000,0,0,0,0,10000,0,0,0,0,0
664,0.501215,10000,0,0,0,0,10000,0,0,0,0,0
665,0.501153,10000,0,0,0,0,10000,0,0,0,0,0
666,0.501169,10000,0,0,0,0,10000,0,0,0,0,0
667,0.501188,10000,0,0,0,0,10000,0,0,0,0,0
668,0.501146,10000,0,0,0,0,10000,0,0,0,0,0
669,0.501192,10000,0,0,0,0,10000,0,0,0,0,0
670,0.501228,10000,0,0,0,0,10000,0,0,0,0,0
671,0.501233,10000,0,0,0,0,10000,0,0,0,0,0
672,0.501229,10000,0,0,0,0,10000,0,0,0,0,0
673,0.50116,10000,0,0,0,0,10000,0,0,0,0,0
674,0.501117,10000,0,0,0,0,10000,0,0,0,0,0
675,0.501053,10000,0,0,0,0,10000,0,0,0,0,0
676,0.501058,10000,0,0,0,0,10000,0,0,0,0,0
677,0.500994,10000,0,0,0,0,10000,0,0,0,0,0
678,0.501025,10000,0,0,0,0,10000,0,0,0,0,0
679,0.501041,10000,0,0,0,0,10000,0,0,0,0,0
680,0.501046,10000,0,0,0,0,10000,0,0,0,0,0
681,0.500976,10000,0,0,0,0,10000,0,0,0,0,0
682,0.500949,10000,0,0,0,0,10000,0,0,0,0,0
683,0.500939,10000,0,0,0,0,10000,0,0,0,0,0
684,0.500905,10000,0,0,0,0,10000,0,0,0,0,0
685,0.50093,10000,0,0,0,0,10000,0,0,0,0,0
686,0.500978,10000,0,0,0,0,10000,0,0,0,0,0
687,0.500935,10000,0,0,0,0,10000,0,0,0,0,0
688,0.501001,10000,0,0,0,0,10000,0,0,0,0,0
689,0.501037,10000,0,0,0,0,10000,0,0,0,0,0
690,0.501032,10000,0,0,0,0,10000,0,0,0,0,0
691,0.50095,10000,0,0,0,0,10000,0,0,0,0,0
692,0.500887,10000,0,0,0,0,10000,0,0,0,0,0
693,0.500838,10000,0,0,0,0,10000,0,0,0,0,0
694,0.50076,10000,0,0,0,0,10000,0,0,0,0,0
695,0.500821,10000,0,0,0,0,10000,0,0,0,0,0
696,0.500865,10000,0,0,0,0,10000,0,0,0,0,0
697,0.500884,10000,0,0,0,0,10000,0,0,0,0,0
698,0.501064,10000,0,0,0,0,10000,0,0,0,0,0
699,0.501041,10000,0,0,0,0,10000,0,0,0,0,0
700,0.501069,10000,0,0,0,0,10000,0,0,0,0,0
701,0.501019,10000,0,0,0,0,10000,0,0,0,0,0
702,0.500981,10000,0,0,0,0,10000,0,0,0,0,0
703,0.500961,10000,0,0,0,0,10000,0,0,0,0,0
704,0.500925,10000,0,0,0,0,10000,0,0,0,0,0
705,0.500993,10000,0,0,0,0,10000,0,0,0,0,0
706,0.501061,10000,0,0,0,0,10000,0,0,0,0,0
707,0.501086,10000,0,0,0,0,10000,0,0,0,0,0
708,0.501207,10000,0,0,0,0,10000,0,0,0,0,0
709,0.501217,10000,0,0,0,0,10000,0,0,0,0,0
710,0.501206,10000,0,0,0,0,10000,0,0,0,0,0
711,0.501116,10000,0,0,0,0,10000,0,0,0,0,0
712,0.500984,10000,0,0,0,0,10000,0,0,0,0,0
713,0.500903,10000,0,0,0,0,10000,0,0,0,0,0
714,0.500978,10000,0,0,0,0,10000,0,0,0,0,0
715,0.500982,10000,0,0,0,0,10000,0,0,0,0,0
716,0.501019,10000,0,0,0,0,10000,0,0,0,0,0
717,0.501024,10000,0,0,0,0,10000,0,0,0,0,0
718,0.501073,10000,0,0,0,0,10000,0,0,0,0,0
719,0.50112,10000,0,0,0,0,10000,0,0,0,0,0
720,0.50106,10000,0,0,0,0,10000,0,0,0,0,0
721,0.500989,10000,0,0,0,0,10000,0,0,0,0,0
722,0.500913,10000,0,0,0,0,10000,0,0,0,0,0
723,0.500831,10000,0,0,0,0,10000,0,0,0,0,0
724,0.5009,10000,0,0,0,0,10000,0,0,0,0,0
725,0.500948,10000,0,0,0,0,10000,0,0,0,0,0
726,0.501073,10000,0,0,0,0,10000,0,0,0,0,0
727,0.501149,10000,0,0,0,0,10000,0,0,0,0,0
728,0.501165,10000,0,0,0,0,10000,0,0,0,0,0
729,0.501191,10000,0,0,0,0,10000,0,0,0,0,0
730,0.501123,10000,0,0,0,0,10000,0,0,0,0,0
731,0.501046,10000,0,0,0,0,10000,0,0,0,0,0
732,0.50094,10000,0,0,0,0,10000,0,0,0,0,0
733,0.500921,10000,0,0,0,0,10000,0,0,0,0,0
734,0.500946,10000,0,0,0,0,10000,0,0,0,0,0
735,0.501081,10000,0,0,0,0,10000,0,0,0,0,0
736,0.501148,10000,0,0,0,0,10000,0,0,0,0,0
737,0.501179,10000,0,0,0,0,10000,0,0,0,0,0
738,0.501236,10000,0,0,0,0,10000,0,0,0,0,0
739,0.501225,10000,0,0,0,0,10000,0,0,0,0,0
740,0.501121,10000,0,0,0,0,10000,0,0,0,0,0
741,0.501094,10000,0,0,0,0,10000,0,0,0,0,0
742,0.500937,10000,0,0,0,0,10000,0,0,0,0,0
743,0.500964,10000,0,0,0,0,10000,0,0,0,0,0
744,0.500984,10000,0,0,0,0,10000,0,0,0,0,0
745,0.501058,10000,0,0,0,0,10000,0,0,0,0,0
746,0.50109,10000,0,0,0,0,10000,0,0,0,0,0
747,0.501112,10000,0,0,0,0,10000,0,0,0,0,0
748,0.501168,10000,0,0,0,0,10000,0,0,0,0,0
749,0.501144,10000,0,0,0,0,10000,0,0,0,0,0
750,0.501035,10000,0,0,0,0,10000,0,0,0,0,0
751,0.501007,10000,0,0,0,0,10000,0,0,0,0,0
752,0.500934,10000,0,0,0,0,10000,0,0,0,0,0
753,0.500879,10000,0,0,0,0,10000,0,0,0,0,0
754,0.500931,10000,0,0,0,0,10000,0,0,0,0,0
755,0.501051,10000,0,0,0,0,10000,0,0,0,0,0
756,0.501053,10000,0,0,0,0,10000,0,0,0,0,0
757,0.501101,10000,0,0,0,0,10000,0,0,0,0,0
758,0.501082,10000,0,0,0,0,10000,0,0,0,0,0
759,0.501136,10000,0,0,0,0,10000,0,0,0,0,0
760,0.501073,10000,0,0,0,0,10000,0,0,0,0,0
761,0.501008,10000,0,0,0,0,10000,0,0,0,0,0
762,0.500978,10000,0,0,0,0,10000,0,0,0,0,0
763,0.500999,10000,0,0,0,0,10000,0,0,0,0,0
764,0.501098,10000,0,0,0,0,10000,0,0,0,0,0
765,0.501197,10000,0,0,0,0,10000,0,0,0,0,0
766,0.501246,10000,0,0,0,0,10000,0,0,0,0,0
767,0.501306,10000,0,0,0,0,10000,0,0,0,0,0
768,0.501298,10000,0,0,0,0,10000,0,0,0,0,0
769,0.501303,10000,0,0,0,0,10000,0,0,0,0,0
770,0.501322,10000,0,0,0,0,10000,0,0,0,0,0
771,0.501253,10000,0,0,0,0,10000,0,0,0,0,0
772,0.501133,10000,0,0,0,0,10000,0,0,0,0,0
773,0.501089,10000,0,0,0,0,10000,0,0,0,0,0
774,0.50113,10000,0,0,0,0,10000,0,0,0,0,0
775,0.501182,10000,0,0,0,0,10000,0,0,0,0,0
776,0.501221,10000,0,0,0,0,10000,0,0,0,0,0
777,0.501181,10000,0,0,0,0,10000,0,0,0,0,0
778,0.50117,10000,0,0,0,0,10000,0,0,0,0,0
779,0.50115,10000,0,0,0,0,10000,0,0,0,0,0
780,0.501073,10000,0,0,0,0,10000,0,0,0,0,0
781,0.501031,10000,0,0,0,0,10000,0,0,0,0,0
782,0.500902,10000,0,0,0,0,10000,0,0,0,0,0
783,0.500953,10000,0,0,0,0,10000,0,0,0,0,0
784,0.501027,10000,0,0,0,0,10000,0,0,0,0,0
785,0.50112,10000,0,0,0,0,10000,0,0,0,0,0
786,0.501144,10000,0,0,0,0,10000,0,0,0,0,0
787,0.501203,10000,0,0,0,0,10000,0,0,0,0,0
788,0.501212,10000,0,0,0,0,10000,0,0,0,0,0
789,0.501239,10000,0,0,0,0,10000,0,0,0,0,0
790,0.501264,10000,0,0,0,0,10000,0,0,0,0,0
791,0.501187,10000,0,0,0,0,10000,0,0,0,0,0
792,0.501108,10000,0,0,0,0,10000,0,0,0,0,0
793,0.501144,10000,0,0,0,0,10000,0,0,0,0,0
794,0.501248,10000,0,0,0,0,10000,0,0,0,0,0
795,0.501299,10000,0,0,0,0,10000,0,0,0,0,0
796,0.501313,10000,0,0,0,0,10000,0,0,0,0,0
797,0.501333,10000,0,0,0,0,10000,0,0,0,0,0
798,0.501265,10000,0,0,0,0,10000,0,0,0,0,0
799,0.501253,10000,0,0,0,0,10000,0,0,0,0,0
800,0.501301,10000,0,0,0,0,10000,0,0,0,0,0
801,0.501225,10000,0,0,0,0,10000,0,0,0,0,0
802,0.501215,10000,0,0,0,0,10000,0,0,0,0,0
803,0.501255,10000,0,0,0,0,10000,0,0,0,0,0
804,0.501352,10000,0,0,0,0,10000,0,0,0,0,0
805,0.501395,10000,0,0,0,0,10000,0,0,0,0,0
806,0.501461,10000,0,0,0,0,10000,0,0,0,0,0
807,0.501369,10000,0,0,0,0,10000,0,0,0,0,0
808,0.501292,10000,0,0,0,0,10000,0,0,0,0,0
809,0.501199,10000,0,0,0,0,10000,0,0,0,0,0
810,0.501091,10000,0,0,0,0,10000,0,0,0,0,0
811,0.501066,10000,0,0,0,0,10000,0,0,0,0,0
812,0.501078,10000,0,0,0,0,10000,0,0,0,0,0
813,0.501186,10000,0,0,0,0,10000,0,0,0,0,0
814,0.501265,10000,0,0,0,0,10000,0,0,0,0,0
815,0.501253,10000,0,0,0,0,10000,0,0,0,0,0
816,0.501319,10000,0,0,0,0,10000,0,0,0,0,0
817,0.501188,10000,0,0,0,0,10000,0,0,0,0,0
818,0.501101,10000,0,0,0,0,10000,0,0,0,0,0
819,0.501074,10000,0,0,0,0,10000,0,0,0,0,0
820,0.500934,10000,0,0,0,0,10000,0,0,0,0,0
821,0.500976,10000,0,0,0,0,9999,1,0,0,0,0
822,0.50095,10000,0,0,0,0,9999,1,0,0,0,0
823,0.501018,10000,0,0,0,0,10000,0,0,0,0,0
824,0.501093,10000,0,0,0,0,10000,0,0,0,0,0
825,0.501102,10000,0,0,0,0,10000,0,0,0,0,0
826,0.501159,10000,0,0,0,0,10000,0,0,0,0,0
827,0.501134,10000,0,0,0,0,10000,0,0,0,0,0
828,0.501078,10000,0,0,0,0,10000,0,0,0,0,0
829,0.501002,10000,0,0,0,0,10000,0,0,0,0,0
830,0.50097,10000,0,0,0,0,10000,0,0,0,0,0
831,0.500966,10000,0,0,0,0,10000,0,0,0,0,0
832,0.500951,10000,0,0,0,0,10000,0,0,0,0,0
833,0.501016,10000,0,0,0,0,10000,0,0,0,0,0
834,0.501107,10000,0,0,0,0,10000,0,0,0,0,0
835,0.501127,10000,0,0,0,0,10000,0,0,0,0,0
836,0.501126,10000,0,0,0,0,10000,0,0,0,0,0
837,0.501053,10000,0,0,0,0,10000,0,0,0,0,0
838,0.500999,10000,0,0,0,0,10000,0,0,0,0,0
839,0.50099,10000,0,0,0,0,10000,0,0,0,0,0
840,0.500979,10000,0,0,0,0,10000,0,0,0,0,0
841,0.501009,10000,0,0,0,0,10000,0,0,0,0,0
842,0.500999,10000,0,0,0,0,10000,0,0,0,0,0
843,0.501109,10000,0,0,0,0,10000,0,0,0,0,0
844,0.501205,10000,0,0,0,0,10000,0,0,0,0,0
845,0.501196,10000,0,0,0,0,10000,0,0,0,0,0
846,0.501192,10000,0,0,0,0,10000,0,0,0,0,0
847,0.501067,10000,0,0,0,0,10000,0,0,0,0,0
848,0.501105,10000,0,0,0,0,10000,0,0,0,0,0
849,0.501125,10000,0,0,0,0,10000,0,0,0,0,0
850,0.501102,10000,0,0,0,0,10000,0,0,0,0,0
851,0.501107,10000,0,0,0,0,10000,0,0,0,0,0
852,0.501144,10000,0,0,0,0,10000,0,0,0,0,0
853,0.501283,10000,0,0,0,0,10000,0,0,0,0,0
854,0.501225,10000,0,0,0,0,10000,0,0,0,0,0
855,0.501224,10000,0,0,0,0,10000,0,0,0,0,0
856,0.501219,10000,0,0,0,0,10000,0,0,0,0,0
857,0.50118,10000,0,0,0,0,10000,0,0,0,0,0
858,0.501197,10000,0,0,0,0,10000,0,0,0,0,0
859,0.501091,10000,0,0,0,0,10000,0,0,0,0,0
860,0.501046,10000,0,0,0,0,10000,0,0,0,0,0
861,0.501006,10000,0,0,0,0,10000,0,0,0,0,0
862,0.501077,10000,0,0,0,0,10000,0,0,0,0,0
863,0.501134,10000,0,0,0,0,10000,0,0,0,0,0
864,0.501071,10000,0,0,0,0,10000,0,0,0,0,0
865,0.50106,10000,0,0,0,0,10000,0,0,0,0,0
866,0.501041,10000,0,0,0,0,10000,0,0,0,0,0
867,0.500975,10000,0,0,0,0,10000,0,0,0,0,0
868,0.501014,10000,0,0,0,0,10000,0,0,0,0,0
869,0.501106,10000,0,0,0,0,9999,1,0,0,0,0
870,0.501183,10000,0,0,0,0,9998,2,0,0,0,0
871,0.501177,10000,0,0,0,0,9999,1,0,0,0,0
872,0.501268,10000,0,0,0,0,9999,1,0,0,0,0
873,0.501292,10000,0,0,0,0,9999,1,0,0,0,0
874,0.501281,10000,0,0,0,0,9999,1,0,0,0,0
875,0.501235,10000,0,0,0,0,9999,1,0,0,0,0
876,0.501184,10000,0,0,0,0,9999,1,0,0,0,0
877,0.501161,10000,0,0,0,0,9999,1,0,0,0,0
878,0.501094,10000,0,0,0,0,9998,2,0,0,0,0
879,0.501119,10000,0,0,0,0,9996,4,0,0,0,0
880,0.501107,10000,0,0,0,0,9996,4,0,0,0,0
881,0.501108,10000,0,0,0,0,9995,5,0,0,0,0
882,0.50118,10000,0,0,0,0,9996,4,0,0,0,0
883,0.501227,10000,0,0,0,0,9996,4,0,0,0,0
884,0.501266,10000,0,0,0,0,9996,4,0,0,0,0
885,0.501291,10000,0,0,0,0,9996,4,0,0,0,0
886,0.501247,10000,0,0,0,0,9996,4,0,0,0,0
887,0.501243,10000,0,0,0,0,9996,4,0,0,0,0
888,0.501264,10000,0,0,0,0,9994,6,0,0,0,0
889,0.501234,10000,0,0,0,0,9993,7,0,0,0,0
890,0.501228,10000,0,0,0,0,9991,9,0,0,0,0
891,0.501261,10000,0,0,0,0,9990,10,0,0,0,0
892,0.501224,10000,0,0,0,0,9991,9,0,0,0,0
893,0.501193,10000,0,0,0,0,9991,9,0,0,0,0
894,0.501204,10000,0,0,0,0,9991,9,0,0,0,0
895,0.501147,10000,0,0,0,0,9992,8,0,0,0,0
896,0.501078,10000,0,0,0,0,9994,6,0,0,0,0
897,0.501056,10000,0,0,0,0,9994,6,0,0,0,0
898,0.500943,10000,0,0,0,0,9993,7,0,0,0,0
899,0.500916,10000,0,0,0,0,9993,7,0,0,0,0
900,0.500885,10000,0,0,0,0,9992,8,0,0,0,0
901,0.500923,10000,0,0,0,0,9991,9,0,0,0,0
902,0.500928,10000,0,0,0,0,9991,9,0,0,0,0
903,0.500955,10000,0,0,0,0,9991,9,0,0,0,0
904,0.500891,10000,0,0,0,0,9992,8,0,0,0,0
905,0.500872,10000,0,0,0,0,9992,8,0,0,0,0
906,0.500834,10000,0,0,0,0,9992,8,0,0,0,0
907,0.500873,10000,0,0,0,0,9991,9,0,0,0,0
908,0.500762,10000,0,0,0,0,9990,10,0,0,0,0
909,0.50079,10000,0,0,0,0,9987,13,0,0,0,0
910,0.500751,10000,0,0,0,0,9988,12,0,0,0,0
911,0.500779,10000,0,0,0,0,9988,12,0,0,0,0
912,0.500767,10000,0,0,0,0,9988,12,0,0,0,0
913,0.500732,10000,0,0,0,0,9988,12,0,0,0,0
914,0.500692,10000,0,0,0,0,9990,10,0,0,0,0
915,0.500755,10000,0,0,0,0,9990,10,0,0,0,0
916,0.500712,10000,0,0,0,0,9990,10,0,0,0,0
917,0.500658,10000,0,0,0,0,9990,10,0,0,0,0
918,0.500664,10000,0,0,0,0,9989,11,0,0,0,0
919,0.500612,10000,0,0,0,0,9985,15,0,0,0,0
920,0.500691,10000,0,0,0,0,9984,16,0,0,0,0
921,0.500693,10000,0,0,0,0,9984,16,0,0,0,0
922,0.500701,10000,0,0,0,0,9985,15,0,0,0,0
923,0.500687,10000,0,0,0,0,9987,13,0,0,0,0
924,0.500702,10000,0,0,0,0,9987,13,0,0,0,0
925,0.500733,10000,0,0,0,0,9988,12,0,0,0,0
926,0.500709,10000,0,0,0,0,9988,12,0,0,0,0
927,0.500652,10000,0,0,0,0,9989,11,0,0,0,0
928,0.500598,10000,0,0,0,0,9988,12,0,0,0,0
929,0.500626,10000,0,0,0,0,9986,14,0,0,0,0
930,0.500652,10000,0,0,0,0,9988,12,0,0,0,0
931,0.500632,10000,0,0,0,0,9988,12,0,0,0,0
932,0.500574,10000,0,0,0,0,9989,11,0,0,0,0
933,0.500515,10000,0,0,0,0,9990,10,0,0,0,0
934,0.500512,10000,0,0,0,0,9991,9,0,0,0,0
935,0.500468,10000,0,0,0,0,9993,7,0,0,0,0
936,0.500432,10000,0,0,0,0,9993,7,0,0,0,0
937,0.500368,10000,0,0,0,0,9992,8,0,0,0,0
938,0.50038,10000,0,0,0,0,9990,10,0,0,0,0
939,0.500444,10000,0,0,0,0,9987,13,0,0,0,0
940,0.500544,10000,0,0,0,0,9988,12,0,0,0,0
941,0.500567,10000,0,0,0,0,9988,12,0,0,0,0
942,0.500484,10000,0,0,0,0,9988,12,0,0,0,0
943,0.50046,10000,0,0,0,0,9988,12,0,0,0,0
944,0.500371,10000,0,0,0,0,9990,10,0,0,0,0
945,0.500464,10000,0,0,0,0,9990,10,0,0,0,0
946,0.500406,10000,0,0,0,0,9991,9,0,0,0,0
947,0.500387,10000,0,0,0,0,9990,10,0,0,0,0
948,0.50035,10000,0,0,0,0,9992,8,0,0,0,0
949,0.500318,10000,0,0,0,0,9988,12,0,0,0,0
950,0.500356,10000,0,0,0,0,9988,12,0,0,0,0
951,0.500331,10000,0,0,0,0,9989,11,0,0,0,0
952,0.500305,10000,0,0,0,0,9991,9,0,0,0,0
953,0.500356,10000,0,0,0,0,9991,9,0,0,0,0
954,0.500331,10000,0,0,0,0,9994,6,0,0,0,0
955,0.500379,10000,0,0,0,0,9994,6,0,0,0,0
956,0.500297,10000,0,0,0,0,9994,6,0,0,0,0
957,0.500319,10000,0,0,0,0,9996,4,0,0,0,0
958,0.500333,10000,0,0,0,0,9994,6,0,0,0,0
959,0.500378,10000,0,0,0,0,9993,7,0,0,0,0
960,0.500555,10000,0,0,0,0,9993,7,0,0,0,0
961,0.500587,10000,0,0,0,0,9993,7,0,0,0,0
962,0.500484,10000,0,0,0,0,9994,6,0,0,0,0
963,0.500496,10000,0,0,0,0,9995,5,0,0,0,0
964,0.500581,10000,0,0,0,0,9995,5,0,0,0,0
965,0.500623,10000,0,0,0,0,9996,4,0,0,0,0
966,0.500612,10000,0,0,0,0,9996,4,0,0,0,0
967,0.500431,10000,0,0,0,0,9995,5,0,0,0,0
968,0.500451,10000,0,0,0,0,9994,6,0,0,0,0
969,0.50049,10000,0,0,0,0,9993,7,0,0,0,0
970,0.500503,10000,0,0,0,0,9995,5,0,0,0,0
971,0.500498,10000,0,0,0,0,9995,5,0,0,0,0
972,0.500508,10000,0,0,0,0,9995,5,0,0,0,0
973,0.500543,10000,0,0,0,0,9995,5,0,0,0,0
974,0.500598,10000,0,0,0,0,9995,5,0,0,0,0
975,0.500602,10000,0,0,0,0,9995,5,0,0,0,0
976,0.500591,10000,0,0,0,0,9995,5,0,0,0,0
977,0.500464,10000,0,0,0,0,9993,7,0,0,0,0
978,0.500418,10000,0,0,0,0,9992,8,0,0,0,0
979,0.500502,10000,0,0,0,0,9991,9,0,0,0,0
980,0.500506,10000,0,0,0,0,9992,8,0,0,0,0
981,0.50046,10000,0,0,0,0,9994,6,0,0,0,0
982,0.500426,10000,0,0,0,0,9994,6,0,0,0,0
983,0.500424,10000,0,0,0,0,9995,5,0,0,0,0
984,0.500497,10000,0,0,0,0,9995,5,0,0,0,0
985,0.500515,10000,0,0,0,0,9995,5,0,0,0,0
986,0.500441,10000,0,0,0,0,9995,5,0,0,0,0
987,0.500382,10000,0,0,0,0,9995,5,0,0,0,0
988,0.50038,10000,0,0,0,0,9990,10,0,0,0,0
989,0.500424,10000,0,0,0,0,9991,9,0,0,0,0
990,0.500484,10000,0,0,0,0,9991,9,0,0,0,0
991,0.500464,10000,0,0,0,0,9991,9,0,0,0,0
992,0.500482,10000,0,0,0,0,9991,9,0,0,0,0
993,0.500475,10000,0,0,0,0,9991,9,0,0,0,0
994,0.500537,10000,0,0,0,0,9992,8,0,0,0,0
995,0.500555,10000,0,0,0,0,9992,8,0,0,0,0
996,0.500504,10000,0,0,0,0,9992,8,0,0,0,0
997,0.500436,10000,0,0,0,0,9991,9,0,0,0,0
998,0.500434,10000,0,0,0,0,9986,14,0,0,0,0
999,0.500507,10000,0,0,0,0,9987,13,0,0,0,0
